CHaser2012Server

●はじめに
本プログラムは全国情報技術教育研究会(http://www.zenjouken.com/)で公開されているプログラミングコンテストCHaser2011のサーバーを日本語プログラミング言語”なでしこ”(http://nadesi.com/)を用いて移植したものです。

０．動作環境
OS:WindowsXP,Vista,7（32ビット及び64ビット）

１．配布しているファイル
配布しているファイルは以下の構造をしています。

CHaser2012Server（フォルダ）
　　　｜
　　　｜＿　CHaserServer.exe（サーバープログラム本体）
　　　｜＿　ReadMe.txt（本ファイル）
　　　｜＿　configuration(wait用通常は変更しないでください)
　　　｜＿　log（フォルダ：ここに競技中のlogが自動的に記録される）
　　　｜＿　map（フォルダ：ここに競技に使うマップデータを入れておく）


※注意１　logフォルダ以下には自動的にlogファイルが生成されますので書き込み可能な状態にしてください。
　　　　　logファイルの名前は実行時の日時をパソコンから取得し「年月日時分秒+.txt」となります。

２．起動方法
CHaserサーバーのフォルダを任意の場所においてください。
フォルダ直下のCHaserServer.exeをダブルクリックで開始します。
最初の起動時に、Windowsから「セキュリティの重要な警告」とメッセージの出る場合がありますが、対戦で使用するポートの件でのメッセージです。「アクセスを許可する」を選択してください。（２回目以降は恐らく出てきません）
起動後、mapフォルダ直下の*.mapファイルからマップを選択してください。
その後、クライアントプログラムを実行してください。ポートは以下の通りです。
先行Cool：40000
後攻Hot：50000
サーバーのIPアドレスは実行するパソコンに割り当てられたものを使用してください。
なお、1台のパソコンでサーバーと２つのクライアントを実行する場合のIPアドレスはlocalhost(127.0.0.1)となります。

３．マップデータについて
拡張子は必ずmapとしてください。
フォーマットは以下の通りです。
N:はマップ名
S:はマップサイズx,y
T:はターン数
D:はマップデータ
H:はHotの出現位置
C:はCoolの出現位置

数字と数字の間には必ずカンマ(,)が必要になります。
１例を示します。

ーーーーーーーーーーーーーーここから
N:sample2011_CH01_1
S:23,17
T:200
D:0,0,0,0,0,0,0,0,0,0,0,0,0,0,0,0,0,0,0,0,0,0,0
D:0,0,0,0,0,0,0,0,0,0,0,0,0,0,0,0,0,0,0,0,0,0,0
D:0,3,3,3,0,0,0,0,0,0,0,3,0,0,0,0,0,0,0,3,3,3,0
D:3,0,0,0,3,0,0,0,0,0,0,2,0,0,0,0,0,0,3,0,0,0,3
D:3,0,0,0,0,0,0,0,0,0,0,2,0,0,0,0,0,0,0,0,0,0,3
D:3,0,0,0,3,0,0,0,0,0,0,2,0,0,0,0,0,0,3,0,0,0,3
D:0,3,3,3,0,0,0,0,0,0,0,2,0,0,0,0,0,0,0,3,3,3,0
D:0,0,0,0,0,0,0,0,0,0,0,2,0,0,0,0,0,0,0,0,0,0,0
D:0,0,0,0,0,3,0,0,0,3,0,2,0,3,0,0,0,3,0,0,0,0,0
D:0,0,0,0,0,3,0,0,0,3,0,2,0,3,0,0,0,3,0,0,0,0,0
D:0,0,0,0,0,3,3,3,3,3,0,2,0,3,3,3,3,3,0,0,0,0,0
D:0,0,0,0,0,3,0,0,0,3,0,2,0,3,0,0,0,3,0,0,0,0,0
D:0,0,0,0,0,3,0,0,0,3,0,2,0,3,0,0,0,3,0,0,0,0,0
D:0,0,0,0,0,0,0,0,0,0,0,2,0,0,0,0,0,0,0,0,0,0,0
D:0,0,0,0,0,0,0,0,0,0,0,2,0,0,0,0,0,0,0,0,0,0,0
D:0,0,0,0,0,0,0,0,0,0,0,2,0,0,0,0,0,0,0,0,0,0,0
D:0,0,0,0,0,0,0,0,0,0,0,2,0,0,0,0,0,0,0,0,0,0,0
H:22,13
C:0,13
ーーーーーーーーーーーーーーここまで

４．その他
コピーや再配布は自由に行っていただいて結構です。
バグを発見した時は以下のメールアドレスまで連絡をしてください。
zenprocon@zenjouken.com
